procs -----------memory---------- ---swap-- -----io---- -system-- -------cpu-------
 r  b   swpd   free   buff  cache   si   so    bi    bo   in   cs us sy id wa st gu
 4  0 796820 115844 103116 909028 14899 15682 19022 15972 23195 225 31 27 38 4 0  0
 4  0 797152 116272 102240 894972 1272 1632  4400  1632 7152 60304 10 10 77 4  0  0
 7  0 799432 130140 101764 878184    8 2292   308  2340 28041 196285 41 36 23 1 0 0
 9  0 799972 118568 102148 878816   44  592   172   592 30506 198367 38 38 23 1 0 0
 4  0 799960 110704 102324 880044    4    0  1128    28 33675 207618 40 37 23 1 0 0
 2  0 799952 108452 102348 880276    0    0    68     0 27728 235737 37 36 27 0 0 0
 4  0 799944 105804 102564 880440    0    0    20     0 31413 210866 36 39 24 1 0 0
 8  0 804124 117060 102576 878848    0 4188     0  4216 40401 196669 43 37 20 0 0 0
 6  0 804108 122660 102604 879200   12    0    12     0 28229 237436 32 37 30 0 0 0
 8  0 803728 118256 102692 879288  556    0   560     0 32753 188422 44 36 20 1 0 0
 6  0 803364 118320 102692 879224  480    0   480     0 23762 228492 35 38 27 0 0 0
 2  0 803360 118320 102692 879224    0    0     0     0 15281 268031 32 31 36 0 0 0
 3  0 803352 118320 102692 879224    0    0     0     0 24395 245204 31 35 34 0 0 0
16  0 803340 115864 102816 879344    0    0     4    20 29259 215636 38 35 26 0 0 0
 1  0 803304 114088 102964 879544   28    0    92     0 28248 229684 33 38 29 0 0 0
 5  0 803300 115080 103080 879692    0    0     0     0 33516 194725 44 36 20 0 0 0
 5  0 803292 114528 103252 879928    0    0    88    48 33983 209128 39 37 24 0 0 0
 5  0 803284 113396 103580 880344    4    0     4    96 35311 209090 39 39 22 0 0 0
 6  0 803188 113016 103624 880384   36    0    36     0 36067 189324 49 34 18 0 0 0
 8  0 803180 112380 103924 880632    0    0     0    80 40408 186662 42 39 19 0 0 0
 1  0 803164 112276 104120 880868    4    0   124     0 38068 211411 39 38 22 1 0 0
procs -----------memory---------- ---swap-- -----io---- -system-- -------cpu-------
 r  b   swpd   free   buff  cache   si   so    bi    bo   in   cs us sy id wa st gu
 4  0 803160 110776 104280 881092    0    0     0     0 38374 198103 43 38 19 0 0 0
 2  0 803152 110464 104444 881180    0    0     0     8 38704 181173 42 38 19 0 0 0
 5  0 803140 110160 104932 881404    4    0   212     0 37675 196096 41 38 21 0 0 0
 6  0 803136 110012 105028 881636    0    0    60    32 40276 204444 42 38 20 0 0 0
 5  0 803128 109844 105192 881856    0    0     0     0 44743 189651 44 38 18 0 0 0
11  0 804816 155504 105196 876840    4 1700    24  1700 43445 185456 45 39 16 0 0 0
 8  0 804812 144604 105304 877052    0    0     0     0 46703 193359 45 38 17 0 0 0
 6  0 804800 139944 105436 877228    0    0     0     0 45991 190101 47 37 16 0 0 0
 6  0 804792 139100 105568 877404    0    0    64    28 33338 204535 40 37 23 1 0 0
 5  0 804784 138344 105684 877524    4    0     4     0 34657 204055 42 37 21 0 0 0
 2  0 804776 134976 105952 877956    0    0     0  4652 45026 189812 44 39 17 0 0 0
 5  0 804756 134728 106208 878176   16    0    16  2204 41888 197526 42 38 20 0 0 0
 8  0 804752 133720 106344 878212    0    0     0     0 34585 212904 40 37 23 0 0 0
 4  0 804744 129952 106504 878476    0    0     0     0 40769 198705 43 37 19 0 0 0
 2  0 804728 126676 106724 878584    4    0    68    32 22599 236666 35 35 30 0 0 0
 1  1 804724 125604 106768 878692    0    0     0     0 21282 239351 32 35 33 0 0 0
10  0 804712 125352 106868 878756    4    0     4     0 34951 199020 41 38 21 0 0 0
 3  0 804704 122140 106928 878776    0    0     0    12 33409 215222 40 35 24 0 0 0
10  0 804696 120628 107040 878776    0    0     0     0 36353 194454 42 39 20 0 0 0
 5  0 804688 118240 107208 879040    8    0     8    28 34274 187892 40 38 22 0 0 0
 4  0 815676 134296 107376 877804    0 10932    4 10932 40487 203363 37 42 21 0 0 0
procs -----------memory---------- ---swap-- -----io---- -system-- -------cpu-------
 r  b   swpd   free   buff  cache   si   so    bi    bo   in   cs us sy id wa st gu
 9  0 815664 126676 107460 877620    4    0     4     0 33963 202461 43 36 21 0 0 0
 6  0 815652 123496 107640 878024    4    0    44     0 37712 193014 40 38 21 0 0 0
 2  0 815640 120852 107796 878272    4    0     4     0 33919 203380 43 36 21 0 0 0
 3  0 815632 118796 108008 878360    0    0    84    28 50415 200324 44 40 15 1 0 0
 5  0 815624 118152 108392 878752    4    0   132     0 46523 206593 45 37 18 0 0 0
 1  0 815616 113896 108592 878968    0    0     0     0 48420 200240 45 38 17 0 0 0
14  0 815596 113340 108748 879164   12    0    56     0 52449 184777 48 40 11 0 0 0
 2  0 815588 114592 108924 879416    4    0     4     0 50502 188845 51 35 14 0 0 0
 2  0 815576 113932 109160 879436    0    0     4    28 42635 186802 44 40 16 0 0 0
 8  0 831788 168780 109032 869568 1164 17244 1292 17244 54472 189391 43 42 15 0 0 0
 6  0 830832 153152 109152 869892  952    0   952     0 44371 198670 46 37 16 0 0 0
 1  0 830496 150448 109388 870212  328    0   328     0 33207 199346 43 36 22 0 0 0
 8  0 830172 152084 109560 871028  336    0   920     0 43665 201646 43 39 18 0 0 0
 3  0 829988 149208 109796 871424  180    0   180    24 39392 189327 45 36 19 0 0 0
10  0 829868 148112 109988 871560  112    0   112     0 38372 207591 38 40 22 0 0 0
10  0 829856 143496 110148 872000    4    0   488     0 38208 189086 43 39 17 1 0 0
 2  0 829552 145592 110336 872444  296    0   312     0 35958 195340 42 38 20 0 0 0
14  0 829216 142544 110532 872732  328    0   360     0 42018 195230 41 40 19 0 0 0
 3  0 829156 138416 110816 872708   52    0   192    24 25768 217698 37 34 29 0 0 0
10  0 828944 135860 110972 872804  208    0   208     0 35707 193303 39 38 23 0 0 0
 4  0 828580 131276 111184 872928  356    0   436  5408 28082 219930 37 36 27 0 0 0
procs -----------memory---------- ---swap-- -----io---- -system-- -------cpu-------
 r  b   swpd   free   buff  cache   si   so    bi    bo   in   cs us sy id wa st gu
10  0 828492 129936 111212 873060   80    0    80     0 48061 176037 53 35 12 0 0 0
 6  0 828484 127872 111340 873208    0    0    96  2464 23841 231660 33 36 31 0 0 0
 5  0 828352 127872 111340 873208  124    0   124     0 20067 259223 29 35 36 1 0 0
 3  0 828344 129896 111412 873268    0    0    64    28 21258 243343 34 32 33 1 0 0
11  0 828336 128748 111464 873320    0    0     0     0 23713 227779 36 36 28 0 0 0
 5  0 828332 128924 111808 873412    4    0   256     0 24936 222761 36 34 29 1 0 0
11  0 827536 127592 111836 873440  844    0   844     0 34652 186518 46 37 17 1 0 0
 7  0 827248 128524 112012 873484  360    0   360    12 41098 186369 42 39 18 1 0 0
 2  0 827244 131324 112208 873704    0    0     0    24 38560 196862 40 38 22 0 0 0
 3  0 827236 128676 112400 873764    0    0   128     0 26813 224705 40 33 26 0 0 0
 3  0 827224 125464 112556 874080    0    0     0     0 38235 202007 40 39 22 0 0 0
 1  0 827220 122720 112756 874336    0    0    72     0 41772 187886 44 38 18 0 0 0
 2  0 827212 121980 112828 874456    0    0     0     0 27697 217820 39 34 26 0 0 0
 5  0 827204 115376 113196 874620    0    0   200    28 39347 197086 41 40 19 0 0 0
 6  0 827076 112476 113608 874812  124    0   388     0 32755 204410 39 36 23 1 0 0
 4  0 826276 110712 113752 874972  792    0   792     0 45232 196216 44 39 17 0 0 0
 6  0 826268 107396 116384 875296    0    0  2432     0 42912 182948 43 38 18 1 0 0
 2  0 826260 105632 116544 875472    0    0     4     0 25568 226805 34 37 29 0 0 0
15  0 842940 158440 114968 863704 1916 18596 1916 18624 47915 181450 43 41 16 0 0 0
 5  0 839476 150824 115064 864272 3456    0  3456     0 48282 177981 51 35 14 0 0 0
 3  0 839224 151348 115200 864520  248    0   248     0 36439 208938 39 38 23 0 0 0
procs -----------memory---------- ---swap-- -----io---- -system-- -------cpu-------
 r  b   swpd   free   buff  cache   si   so    bi    bo   in   cs us sy id wa st gu
 6  0 839200 149964 115300 864564   16    0    16     0 31524 218686 39 37 24 0 0 0
 5  0 838616 148156 115604 864848  576    0   700     0 41487 183374 44 37 19 1 0 0
 3  0 838416 148180 115760 865060  196    0   208    28 36120 207974 40 37 22 0 0 0
11  0 838180 139212 115896 867616  228    0   640     0 32991 209254 41 36 23 0 0 0
 2  0 837988 134460 116144 867928  180    0   296     0 31040 201973 40 35 23 1 0 0
 1  0 837640 134352 116332 868008  344    0   352     0 32268 208931 37 39 23 1 0 0
 4  0 837460 133112 116396 868160  172    0   224     0 30205 221945 37 38 26 0 0 0
 2  0 837108 130340 116596 868500  344    0   356    28 42121 192244 41 39 19 0 0 0
 2  0 837000 130088 116832 868764  100    0   344     0 29058 214547 38 35 26 0 0 0
 1  0 836884 130684 116888 868764  112    0   112  4380 27063 224590 37 35 28 1 0 0
 7  0 836832 130104 117076 868876   44    0    44  2244 34388 195389 40 39 21 0 0 0
11  0 836712 129484 117224 869088  108    0   108     0 34256 210126 37 38 24 0 0 0
 4  0 838828 162660 115792 857228  224 2316   224  2344 32059 213454 38 38 24 0 0 0
 3  0 849952 171248 115952 860504 1332 12416 5444 12416 44708 175978 40 42 18 0 0 0
 2  0 848732 169940 116092 860788 1212    0  1212     0 32183 208752 39 37 23 0 0 0
 6  0 847872 165928 116232 860904  856    0   856     0 35112 206230 41 39 21 0 0 0
10  0 846268 160704 116452 861228 1596    0  1672     0 45763 193617 42 39 18 1 0 0
 3  0 846160 155668 116696 861340  100    0   100     0 45486 196284 43 40 17 0 0 0
 5  0 845108 151024 116824 861516 1048    0  1048    36 41257 203217 43 39 18 0 0 0
 7  0 843348 149956 117020 861804 1748    0  1748     0 56841 154052 64 31 5 0 0  0
 7  0 843156 146144 117356 862080  184    0   296     0 51502 176588 50 39 11 0 0 0
procs -----------memory---------- ---swap-- -----io---- -system-- -------cpu-------
 r  b   swpd   free   buff  cache   si   so    bi    bo   in   cs us sy id wa st gu
 8  0 843120 144248 117528 862216   32    0    32     0 38737 196651 44 38 18 0 0 0
11  0 842984 143772 117700 862336  128    0   128     0 40555 204352 43 37 19 0 0 0
 2  0 842468 142104 117924 862676  508    0   508    24 41290 195838 43 38 18 0 0 0
 5  0 842304 138680 118060 862720  160    0   160     0 34565 202070 41 38 21 0 0 0
 3  0 842020 135896 118220 862960  276    0   280     0 39635 197163 44 38 18 0 0 0
 2  0 841980 134636 118356 863096   52    0    72     0 31418 203907 37 38 24 0 0 0
 2  0 841600 133952 118448 863160  372    0   372     0 27594 213971 39 36 25 0 0 0
 7  0 840916 133956 118648 863232  676    0   676    32 32501 197397 40 38 22 0 0 0
 4  0 840776 133640 118732 863408  132    0   132     0 24962 225257 35 36 28 0 0 0
 6  0 840548 133416 118768 863480  168    0   168     0 25113 228798 37 34 29 0 0 0
 4  0 840120 131900 118844 863628  420    0   420     0 28372 213382 36 38 26 0 0 0
 4  0 839940 131840 118992 863800  172    0   172     0 31469 215001 39 35 26 0 0 0
10  0 839932 131148 119028 863756    0    0     0    24 25635 217456 36 35 29 0 0 0
 2  0 839628 127636 119144 863912  296    0   328     0 28206 208329 39 36 25 0 0 0
 3  0 838708 123844 119336 864064  912    0   916     0 30472 205998 40 35 25 0 0 0
 3  0 838596 123780 119428 864732  104    0   656     0 30210 220873 37 38 25 1 0 0
 2  0 838412 123276 119548 864940  292    0   292     0 43093 175932 45 38 16 1 0 0
13  0 829632 119856 119676 865004 11956   0 11956     0 53304 171767 48 43 9 1 0  0
 5  1 838768 133392 119732 858444 17756 18396 17880 18456 79212 169555 48 47 5 0 0 0
11  1 837012 126260 119952 860480 1752    0  3160  4840 49942 181429 47 39 14 1 0 0
 5  0 836136 123052 120140 860848  816    0   828  2700 38790 197965 42 37 21 0 0 0
procs -----------memory---------- ---swap-- -----io---- -system-- -------cpu-------
 r  b   swpd   free   buff  cache   si   so    bi    bo   in   cs us sy id wa st gu
 4  0 835788 121704 120304 860932  336    0   356     0 43622 202826 42 39 19 0 0 0
11  0 833272 119272 120552 861244 2512    0  2512     0 48953 174495 50 38 12 0 0 0
 9  0 829860 115808 120680 861368 3404    0  3412    32 62563 162443 57 39 4 0 0  0
11  0 828780 111324 120908 861484 1136    0  1252     0 50800 164917 53 39 8 0 0  0
10  0 828580 110260 121152 861828  200    0   200     0 54623 180186 50 38 12 0 0 0
 9  0 828568 114652 121376 862012    4    0    12     0 42470 197310 40 39 20 1 0 0
 6  0 828388 107996 121532 862252  180    0   180     0 52216 181157 49 40 11 0 0 0
 3  0 828328 105192 121772 862556   60    0    60    40 47513 193814 46 37 17 0 0 0
 3  0 827864 123640 121996 862824  460    0   460     0 39382 194685 43 37 20 0 0 0
 9  0 827448 117440 122168 862892  408    0   408     0 52015 188497 46 40 14 0 0 0
 9  0 826796 113596 122368 863068  660    0   660     0 41302 191727 43 39 19 0 0 0
 2  0 826532 111624 122516 863292  264    0   264     0 37984 203427 41 38 21 0 0 0
 4  0 826448 105764 122672 863392   28    0    28    24 40102 203210 42 38 20 0 0 0
 7  0 826376 104712 122852 863572   72    0    72     0 38708 194207 41 40 19 0 0 0
 2  0 845296 137288 121920 859920 1188 20096 2168 20096 52305 191251 37 44 19 0 0 0
 4  0 844000 134412 121976 860108 1296    0  1296     0 28704 220965 40 36 24 0 0 0
 2  0 843068 128816 122132 860220  932    0   932     0 35528 204334 39 38 22 1 0 0
 2  0 842288 128248 122260 860456  780    0   780    28 27059 229828 37 35 27 0 0 0
 7  0 841340 125520 122412 860508  948    0   964     0 43804 199540 45 37 17 0 0 0
 8  0 857408 157920 122536 851676 3392 19444 3392 25728 61991 178853 42 45 13 0 0 0
 5  0 855948 152856 122776 852104 1460    0  1460     0 37277 201346 39 39 22 0 0 0
procs -----------memory---------- ---swap-- -----io---- -system-- -------cpu-------
 r  b   swpd   free   buff  cache   si   so    bi    bo   in   cs us sy id wa st gu
 7  0 854136 147660 122944 852376 1812    0  1824     0 45981 196398 43 40 17 0 0 0
 9  0 851596 143916 123164 852764 2540    0  2540     0 41880 192477 44 39 17 0 0 0
 5  0 848952 142268 123376 853024 2644    0  2644    32 43895 199941 42 39 18 1 0 0
 9  0 847684 136192 123584 853060 1268    0  1268     0 41829 191871 44 39 17 0 0 0
 9  0 844948 131136 123740 853240 2736    0  2736     0 34036 201946 43 35 21 0 0 0
 8  0 842196 124508 123896 853612 2752    0  2760     0 31406 218518 39 36 26 0 0 0
 8  0 838472 119436 124008 853660 3724    0  3724     0 45322 186035 49 37 14 0 0 0
 6  0 834584 115004 124152 853856 3888    0  3888    24 64998 159528 61 35 4 0 0  0
11  0 834572 114300 124364 854084   12    0    12     0 35016 210441 39 38 23 0 0 0
 5  0 834468 109348 124740 854544  100    0   252   776 40031 199454 40 40 19 1 0 0
 8  1 834180 109928 124964 854816  288    0   360     0 44999 180811 45 38 16 1 0 0
14  0 833940 108844 125184 855428  240    0   644     0 58964 164273 54 38 7 1 0  0
 5  0 833928 108104 125284 855672   12    0    12     0 58771 164083 55 38 7 0 0  0
 9  0 833920 106064 125536 855876    8    0     8     0 41593 188291 41 39 20 0 0 0
10  0 833556 104764 125684 855996  364    0   364     0 34922 212090 42 35 23 0 0 0
 9  0 846220 151700 125568 849316  500 13156  500 13184 58545 191553 43 44 13 0 0 0
 3  0 849568 149004 125860 849508 1536 4860  1536  4860 42504 188183 43 39 18 0 0 0
 3  0 849040 147136 126060 849760  528    0   528     0 39141 198249 43 37 19 0 0 0
 6  0 848720 143900 126208 850032  320    0   320     0 48058 200461 43 40 16 0 0 0
 8  0 847596 140152 126472 850172 1124    0  1124     0 44142 186412 47 37 16 0 0 0
 4  0 846808 134992 126684 850464  788    0   864    28 42213 189388 45 38 17 0 0 0
procs -----------memory---------- ---swap-- -----io---- -system-- -------cpu-------
 r  b   swpd   free   buff  cache   si   so    bi    bo   in   cs us sy id wa st gu
 8  0 845868 130856 126760 850540  940    0   940     0 29115 224838 35 39 26 0 0 0
 4  0 844704 128888 126916 850712 1164    0  1164     0 33769 202676 40 38 23 0 0 0
 2  0 844060 129156 127060 848956  644    0   764     0 35095 206076 41 38 21 1 0 0
10  0 843952 126656 127140 850592  168    0  1736     0 32106 218901 35 40 25 0 0 0
 2  0 842932 126584 127320 850780 1020    0  1020    28 35322 195355 41 37 22 0 0 0
 7  0 841404 124532 127480 850964 1528    0  1528     0 35392 209360 40 39 21 0 0 0
 4  0 841356 119376 127552 851036   48    0    48     0 36928 209905 39 39 22 0 0 0
 3  0 840896 117908 127756 851300  460    0   460     0 29618 211386 38 35 27 0 0 0
14  0 840676 117192 127808 851464  220    0   220  8208 28053 234989 34 38 28 1 0 0
 6  0 839912 114712 127872 851448  764    0   764    28 24794 227823 37 36 27 0 0 0
 9  0 839776 114736 127952 851436  136    0   136     0 30628 209691 39 37 24 0 0 0
 8  0 839108 114736 128152 851696  668    0   668     0 38852 217460 38 39 23 0 0 0
 3  0 837468 112840 128320 851996 1640    0  1900    76 34080 196284 43 37 20 0 0 0
 1  0 833348 108400 128476 852368 4120    0  4192     0 38738 186997 43 38 19 0 0 0
 4  0 853388 116940 128336 876252 3400 20512 30600 20540 55588 188090 35 49 14 2 0 0
 2  1 929180 266984 104048 788776 23376 81332 26176 81332 67772 137164 32 63 4 1 0 0
 5  0 926272 255248 104292 789176 2920    0  3344     0 36958 193728 41 38 20 1 0 0
12  1 948800 355916 104096 719132 2040 24908 2420 24908 58307 152636 38 52 10 1 0 0
 7  1 1032512 417520 104252 725256 8952 92060 14860 92060 101913 141753 30 63 6 0 0 0
18  1 1073632 443632 105544 728284 13596 54720 24444 54748 97912 139893 38 59 2 0 0 0
 5  0 1066240 420740 107680 741244 7228   0 21320     0 53842 151440 45 47 7 1 0  0
procs -----------memory---------- ---swap-- -----io---- -system-- -------cpu-------
 r  b   swpd   free   buff  cache   si   so    bi    bo   in   cs us sy id wa st gu
14  0 1061852 399276 108688 742864 4412   0 13444   112 49771 167398 48 43 8 1 0  0
12  0 1055372 393908 109244 748928 6468   0  8400     0 58547 143329 60 39 1 0 0  0
 7  0 1049108 391564 109560 743068 6264   0  8268     0 37519 199478 41 38 21 1 0 0
 5  0 1042264 388208 109712 737632 6840   0  7408     0 46442 182431 44 40 16 0 0 0
 5  0 1038880 384476 109896 737836 3376   0  3644     0 36985 207294 39 39 22 1 0 0
10  0 1032620 383800 110228 738260 6260   0  6460     0 38399 197949 41 38 21 0 0 0
14  0 994476 354392 110540 738684 38136   0 38524    84 63073 159467 55 42 3 1 0  0
 8  0 970168 329992 110712 745356 24304   0 24612     0 66780 166442 57 39 3 0 0  0
 1  0 968176 327296 110944 745856 1988    0  2392     0 53475 179715 50 39 11 0 0 0
 5  0 967320 325584 111252 740648  852    0  1524     0 42432 202154 44 38 18 0 0 0
 3  0 966076 320916 111448 741312 1240    0  1724     0 39324 191645 44 37 19 0 0 0
 2  0 964736 316804 111608 741932 1336    0  1788    28 31604 215243 37 38 25 1 0 0
 7  1 963688 311836 111716 742256 1044    0  1256     0 34775 206545 40 38 21 0 0 0
 4  0 962844 309072 111884 742460  840    0   860     0 35829 202746 40 37 22 0 0 0
 4  0 960700 304224 112000 742712 2144    0  2144     0 36367 198835 42 38 20 0 0 0
11  0 958820 303908 112116 742948 1872    0  1872     0 32061 212246 41 36 23 0 0 0
 8  0 957952 297624 112324 743248  868    0  1168    28 34995 202822 40 38 22 0 0 0
 3  0 955584 297568 112424 743668 2364    0  2504  4820 27177 220875 37 36 26 1 0 0
 4  0 953580 296560 112656 744156 2000    0  2392  2432 34387 209599 41 36 22 1 0 0
 8  1 952852 295140 112788 742432  720    0   852     0 31237 214648 36 37 26 1 0 0
 2  0 949808 292748 112932 742740 3040    0  3096     0 32562 203423 40 39 21 0 0 0
procs -----------memory---------- ---swap-- -----io---- -system-- -------cpu-------
 r  b   swpd   free   buff  cache   si   so    bi    bo   in   cs us sy id wa st gu
13  0 947832 288708 113072 743024 1972    0  2132    32 38495 204117 43 37 19 1 0 0
 7  0 945684 285136 113248 743696 2136    0  2724     0 37810 199689 44 35 21 1 0 0
 4  0 944344 282896 113488 744012 1340    0  1440     0 25199 232271 34 35 30 1 0 0
 4  0 940896 282140 113824 744088 3444    0  3800    80 27662 215875 37 37 26 0 0 0
 4  0 937644 280156 113824 742368 3244    0  3480     0 19946 251493 33 36 30 1 0 0
 1  0 935048 279904 113832 742360 2596    0  2596    20 18151 271975 28 35 37 1 0 0
 1  0 930944 273696 113868 742304 4100    0  4100     0 26549 219084 40 35 25 0 0 0
 2  0 929460 273444 113952 742508 1480    0  1512     0 26807 233736 33 38 29 0 0 0
 1  0 928524 273444 113952 742536  932    0   932     0 18730 267381 33 34 33 0 0 0
 2  0 925768 271616 113952 742600 2756    0  2756     0 16610 275760 35 33 32 0 0 0
 3  0 922700 270560 113952 742536 3060    0  3060     0 20873 256124 34 34 32 0 0 0
 4  0 920896 270968 113960 742536 1800    0  1800    20 20255 267005 31 36 32 1 0 0
 3  0 918340 268556 114020 742660 2556    0  2732     0 24654 245128 33 36 30 0 0 0
 5  0 916416 264792 114188 743140 1916    0  2064   720 36681 193304 43 36 21 0 0 0
 2  1 912756 263584 114352 743476 3660    0  3884     0 32762 209725 38 37 25 1 0 0
13  0 909216 260752 114484 743920 3536    0  3788     0 37717 206516 43 36 20 0 0 0
 9  0 908908 256552 114612 744384  304    0   456     0 70409 155584 63 35 1 0 0  0
 1  0 907892 255652 114732 744616 1012    0  1148    36 41727 178499 49 36 14 1 0 0
 9  0 907120 255168 114804 744772  772    0   944     0 37610 195902 41 38 20 0 0 0
 3  0 907108 253300 115024 745120    4    0    60     0 41134 193635 43 38 19 0 0 0
 3  0 907096 253112 115204 745392    8    0   164     0 32314 210478 40 36 23 1 0 0
procs -----------memory---------- ---swap-- -----io---- -system-- -------cpu-------
 r  b   swpd   free   buff  cache   si   so    bi    bo   in   cs us sy id wa st gu
13  0 906348 272576 115288 747408  852   80  2892    80 43293 180377 46 39 15 0 0 0
 5  0 905960 266492 115472 747816  376    0   568    20 36068 196319 40 39 21 0 0 0
 1  0 905956 264644 115632 748144    0    0   200     0 27367 227107 36 35 28 0 0 0
 7  0 905932 259900 115736 748324   20    0    92     0 37056 197981 43 38 20 0 0 0
 7  0 904976 256120 115852 748624  952    0  1056     0 35641 204619 38 39 22 0 0 0
 4  0 904232 254860 115968 748652  740    0   852     0 23948 221997 37 35 28 1 0 0
11  0 904196 255184 116200 747004   32    0   200  3480 25727 217271 35 35 29 1 0 0
 3  0 904028 253332 116392 747284  168    0   292  1836 37205 201981 39 39 22 0 0 0
 2  0 904020 249048 116484 747592    0    0   212     0 26414 223384 37 36 28 0 0 0
 5  0 904020 244636 116620 747908    0    0    36     0 32860 213883 38 38 24 0 0 0
 3  1 904016 244036 116796 748060    0    0   144     0 35682 191412 41 37 23 0 0 0
10  0 903904 243508 116924 748608  104    0   192    32 32398 205106 40 36 24 1 0 0
 6  0 903904 244260 117024 748672    0    0    64     0 34669 211147 40 37 23 0 0 0
 6  0 903840 242324 117224 749720   36    0  1060     0 45615 191628 45 38 17 0 0 0
 9  0 903836 242916 117396 751692    4    0  1720     0 30118 215679 38 37 25 1 0 0
 6  1 903832 237564 117532 752076    0    0   148    20 35091 195972 42 38 20 0 0 0
 2  0 903824 234888 117740 752592    4    0   308     0 46481 187699 43 40 17 0 0 0
 9  0 903820 234896 117852 752696    0    0     0    32 29180 220514 37 37 25 0 0 0
 8  1 902812 228356 118036 754780 1016    0  1900   112 46981 161976 50 40 9 1 0  0
 6  1 898800 224008 118248 755156 4004    0  4084   188 43013 184252 45 39 16 0 0 0
 2  0 897832 222940 118404 755432  964    0   992    44 27290 227771 35 38 27 0 0 0
procs -----------memory---------- ---swap-- -----io---- -system-- -------cpu-------
 r  b   swpd   free   buff  cache   si   so    bi    bo   in   cs us sy id wa st gu
 2  0 891452 221260 118488 755472 6380    0  6380     0 30305 210797 38 37 24 0 0 0
11  0 891440 214644 118548 755496    0    0     0     0 48453 188029 50 37 12 0 0 0
 7  0 891436 212760 118624 755476    0    0   116     0 68841 160309 61 37 3 0 0  0
 4  0 891432 212760 118624 755684    0    0     0     0 21142 239536 35 34 31 0 0 0
 8  0 891428 212052 118748 755776    0    0    80    24 30431 216303 38 36 26 0 0 0
 1  0 891424 207948 118820 755976    0    0     0     8 32061 209465 40 36 24 0 0 0
 8  0 891412 207324 118960 752236    8    0   300     0 31798 209041 38 39 23 0 0 0
 9  0 891412 207008 119072 752424    0    0     0     0 30770 204716 36 38 25 0 0 0
 8  0 891396 205708 119220 752764    8    0    96     0 31065 207663 39 38 23 0 0 0
11  0 891396 204228 119336 752876    0    0   124    24 30690 213613 37 38 26 0 0 0
 8  0 908888 245348 119464 752748    0 17488  100 17488 55292 186776 37 46 17 0 0 0
 1  0 911048 242424 117008 750152 2132 4292  2144  4292 37782 198373 39 39 22 0 0 0
 4  0 910832 231876 117208 750584  216    0   396     0 38780 205982 39 39 21 1 0 0
 5  1 909760 228212 117452 750696 1068    0  1196     0 37794 196985 41 38 21 0 0 0
 4  0 909288 226264 117552 751000  468    0   468    28 28984 222978 36 36 27 1 0 0
 1  0 908980 226264 117608 751176  296    0   448     0 25666 226916 36 36 28 0 0 0
 4  0 908116 223396 117712 751388  864    0   864  4416 31943 211389 38 36 25 0 0 0
11  0 907660 221788 117808 751504  448    0   448  2372 23874 237149 34 35 30 1 0 0
 3  0 907124 220276 117860 751584  532    0   532     0 24884 229992 35 36 29 0 0 0
 2  0 906524 218468 118260 751924  600    0  1088    32 27689 219083 35 36 27 1 0 0
 2  0 905840 215364 118328 752132  676    0   676     0 22750 250070 32 36 32 0 0 0
procs -----------memory---------- ---swap-- -----io---- -system-- -------cpu-------
 r  b   swpd   free   buff  cache   si   so    bi    bo   in   cs us sy id wa st gu
10  0 905432 212980 118356 752132  408    0   408     0 23543 232425 36 35 29 1 0 0
 9  0 905308 211336 118448 752232  112    0   112     0 27598 218795 37 37 26 0 0 0
 2  0 904768 209928 118508 752556  536    0   604     0 22251 247753 32 36 32 0 0 0
 4  0 904412 204972 118652 752736  352    0   352     0 48643 189655 46 40 15 0 0 0
 7  0 904404 207448 118904 752892    4    0    92    24 41279 180429 43 39 18 1 0 0
 5  0 903688 207108 119088 753184  716    0   792     0 34888 216817 41 36 23 0 0 0
 7  0 902480 205272 119260 753348 1200    0  1244    68 40336 200460 41 40 18 0 0 0
 4  0 896512 203484 119468 753724 5968    0  5968     0 35816 191515 42 38 20 0 0 0
 4  0 893524 195292 119572 753856 2984    0  3060     0 28171 226164 36 37 26 0 0 0
 7  0 890480 168036 119804 754184 3040    0  3144    28 56639 176259 49 39 11 0 0 0
10  0 885448 163792 119980 754552 5028    0  5028     0 63026 141480 63 36 1 0 0  0
 3  0 885132 162408 120124 754884  312    0   428     0 56515 166716 56 38 6 0 0  0
 6  0 885128 158656 120284 754920    0    0     0     0 44414 192550 44 38 17 0 0 0
 5  0 885116 156956 120464 755272    8    0    64     0 33102 207888 40 36 24 0 0 0
 7  0 885116 158056 120652 755372    0    0    72    28 28547 212203 38 36 25 1 0 0
 2  0 885104 152120 120704 755800    4    0    88     0 34721 199868 41 37 21 0 0 0
 4  0 885060 152232 120820 755880   44    0    44     0 25802 223426 37 37 27 0 0 0
 1  0 885048 152296 120892 755940    8    0     8     0 24089 234984 31 37 31 1 0 0
 3  0 885016 151856 120952 755928   24    0    24     0 33664 205790 40 39 22 0 0 0
 4  0 885016 149768 121188 756156    0    0    56    28 35803 202630 39 38 22 0 0 0
 2  0 884916 144084 121304 756552   92    0   260     0 30832 212486 40 37 23 0 0 0
procs -----------memory---------- ---swap-- -----io---- -system-- -------cpu-------
 r  b   swpd   free   buff  cache   si   so    bi    bo   in   cs us sy id wa st gu
 8  0 884784 132296 121444 756624  132    0   160     0 36065 198362 43 37 20 0 0 0
 5  0 884768 152132 121640 756752    4    0     8     0 43145 184977 44 39 17 0 0 0
 4  0 884608 146392 121840 757196  156    0   260     0 35433 201243 42 38 20 1 0 0
 2  0 884604 140700 122032 757556    0    0    36    28 42227 191522 43 40 17 0 0 0
 9  1 884428 137692 122196 757740  172    0   176  4480 41482 197801 43 37 20 0 0 0
 7  1 884428 126888 122440 758084    0    0    64   144 38494 208654 40 39 21 0 0 0
 6  0 884420 116900 122648 758200    0    0   104  2272 55294 187514 46 40 14 0 0 0
 6  0 884304 123372 122824 758548  116    0   128     0 46565 198446 47 36 16 0 0 0
 9  0 884216 125020 123092 759152   84    0   348   540 46271 204984 47 37 16 0 0 0
 3  0 884208 123900 123344 759444    0    0    64     0 47546 185085 46 38 15 0 0 0
 2  0 904660 161128 123504 756444  464 20916  716 20916 61944 186573 40 44 15 1 0 0
14  0 899656 138952 123688 757188 4996    0  4996     0 60305 157490 59 36 5 0 0  0
 7  0 895692 118772 123768 757168 3964    0  3964     0 61524 143144 64 35 2 0 0  0
 7  0 911672 152676 123996 755996  704 16684  704 16712 52887 169412 44 44 12 0 0 0
 4  0 910840 146840 124084 756784  832    0   832     0 28060 224373 36 38 26 0 0 0
 3  0 909892 142952 124188 756876  984    0   992     0 47217 171543 49 39 11 1 0 0
 4  0 909212 135536 124372 756888  680    0   680     0 39258 190936 43 38 19 0 0 0
 2  0 908732 132992 124520 757120  476    0   592     0 31494 206668 40 36 23 0 0 0
 7  0 908224 133624 124628 757340  500    0   500    24 33830 213874 40 36 24 0 0 0
11  0 907716 117760 124784 757552  508    0   508     0 36997 192709 42 38 20 0 0 0
 4  0 907296 110036 124912 757556  416    0   416     4 28287 229283 36 36 28 0 0 0
procs -----------memory---------- ---swap-- -----io---- -system-- -------cpu-------
 r  b   swpd   free   buff  cache   si   so    bi    bo   in   cs us sy id wa st gu
 3  0 924780 134380 125016 756992 2268 19740 2268 19740 50391 188230 37 44 19 0 0 0
 8  0 922824 122784 125208 757400 1956    0  1956    80 39400 183961 43 39 18 1 0 0
 8  0 920928 116916 125524 757772 1892    0  1892   108 33907 208297 38 39 23 0 0 0
 6  0 919992 118764 125728 757792  936    0   944     8 40113 181867 46 38 16 1 0 0
 9  0 922044 125408 125904 757456  880 2932   880  2932 52186 185476 45 39 15 0 0 0
 3  0 933276 129452 126180 757872 2844 14084 2844 14084 49692 197567 39 42 19 0 0 0
 3  0 932072 131008 126316 758132 1148    0  1152     0 29520 199056 39 36 24 1 0 0
 5  0 931136 121504 126464 758076  932    0   932    64 25967 218920 37 37 26 0 0 0
 4  0 947504 121896 126532 757424 3996 20368 3996 20368 42844 194597 37 42 21 0 0 0
 5  0 946792 111900 126560 758088  708    0   708     0 21573 236656 32 37 31 0 0 0
11  0 965152 118540 126652 757456 3336 21648 3336 21648 48534 174270 41 43 16 0 0 0
15  0 995048 142400 126676 754804 35888 65808 35888 65808 100828 143443 41 59 1 0 0 0
12  0 971428 123288 126720 754052 41572 17936 41572 17936 78509 154535 52 47 1 0 0 0
 2  0 998960 155996 125464 750284 43356 70904 43356 70944 112835 138727 35 63 2 0 0 0
 4  0 986404 138868 125540 750152 12556   0 12556  4864 34995 176727 45 38 16 0 0 0
 4  0 984416 131636 125600 750312 1984    0  1984     0 28128 229138 34 39 27 0 0 0
 6  0 981100 125020 125700 750404 3304    0  3304  2128 35824 202182 40 38 22 0 0 0
 4  0 981172 130044 124880 741484 2028 2104  2028  2104 26574 245160 33 38 29 0 0 0
 5  0 978072 120968 125064 741556 3096    0  3100    32 47264 189509 46 40 14 0 0 0
13  0 979288 139632 125088 734816 14712 15936 14768 15936 62599 164292 53 39 8 0 0 0
 9  0 964668 125532 125348 735452 14616   0 14616     0 66047 155209 64 35 1 0 0  0
procs -----------memory---------- ---swap-- -----io---- -system-- -------cpu-------
 r  b   swpd   free   buff  cache   si   so    bi    bo   in   cs us sy id wa st gu
 8  0 961260 114068 125536 735556 3328    0  3328     0 65323 160783 60 37 3 0 0  0
 4  0 969412 133752 124904 727472 5592 13704 5592 13704 64560 152787 51 43 6 0 0  0
 6  0 966748 125944 124996 727952 2660    0  2660     8 24572 223207 37 35 27 0 0 0
 7  0 965504 117988 125152 728176 1244    0  1348    32 35593 204158 39 38 22 1 0 0
 4  0 964300 116540 125308 728460 1196    0  1244     0 33872 196005 42 37 21 0 0 0
 5  0 962424 112624 125352 728504 1876    0  1876     0 21404 240772 35 35 30 0 0 0
 3  0 961420 128144 123212 716720 2304 1308  2368  1308 27696 219350 36 37 27 0 0 0
 7  0 959088 116600 123300 717444 2328    0  2328     0 25203 227810 35 37 28 0 0 0
 3  0 958104 112616 123368 711132 2668 1812  2668  1836 32774 207041 39 37 24 1 0 0
10  0 955996 108356 123436 711692 2104    0  2104     0 27372 230884 37 36 26 1 0 0
 2  0 952612 102420 123520 711840 3380    0  3380     0 26613 225732 34 39 28 0 0 0
 4  0 947708 108464 123564 705996 5740  840  5756   856 26118 230822 35 37 27 1 0 0
 7  0 948152 118880 123712 700636  784 1232   904  1232 36759 195390 39 40 21 0 0 0
 3  0 948396 111764 124024 696916 1408 1668  1508  5900 39444 194232 41 41 18 0 0 0
 2  0 951160 109640 123360 678464  320 3088  1020  3088 33962 199430 43 36 20 1 0 0
 7  0 960468 122692 123408 652072  396 9676   460  9676 57791 177392 44 44 12 0 0 0
13  0 973480 140892 116732 645264 2132 16236 2216 16236 63522 173235 50 42 8 0 0  0
14  0 967388 131964 116880 646148 6092    0  6092     0 68932 152170 67 32 1 0 0  0
14  0 966048 133748 116960 646264 1188   12  1188    44 63819 152021 61 36 3 0 0  0
 6  0 964408 129104 117200 646716 1636    0  1640     0 48627 170258 53 37 10 0 0 0
 9  0 963808 126128 117376 646768  596    0   596     0 38044 210056 46 36 19 0 0 0
procs -----------memory---------- ---swap-- -----io---- -system-- -------cpu-------
 r  b   swpd   free   buff  cache   si   so    bi    bo   in   cs us sy id wa st gu
 6  0 963004 122092 117628 646904  804    0   804     0 47589 185083 45 40 15 0 0 0
 8  0 963616 126656 112224 644076  856 1472   856  1472 55681 187886 45 41 13 0 0 0
 5  0 963004 121592 112384 644360  604    0   608     8 40430 212651 44 37 19 1 0 0
